2004-03-31 03:38:15.757551 2 1 122.153 -3.91901 11.04 2.03397
2004-02-28 00:59:16.02785 3 1 19.9884 37.0933 45.08 2.69964
2004-02-28 01:03:16.33393 11 1 19.3024 38.4629 45.08 2.68742
2004-02-28 01:06:16.013453 17 1 19.1652 38.8039 45.08 2.68742
2004-02-28 01:06:46.778088 18 1 19.175 38.8379 45.08 2.69964
2004-02-28 01:08:45.992524 22 1 19.1456 38.9401 45.08 2.68742
2004-02-28 01:09:22.323858 23 1 19.1652 38.872 45.08 2.68742
2004-02-28 01:09:46.109598 24 1 19.1652 38.8039 45.08 2.68742
2004-02-28 01:10:16.6789 25 1 19.1456 38.8379 45.08 2.69964
2004-02-28 01:10:46.250524 26 1 19.1456 38.872 45.08 2.68742
2004-02-28 01:11:46.941288 28 1 19.1456 38.9401 45.08 2.69964
2004-02-28 01:12:46.251377 30 1 19.1358 38.9061 45.08 2.68742
2004-02-28 01:14:16.63127 33 1 19.1162 38.8039 45.08 2.69964
2004-02-28 01:14:46.569352 34 1 19.1162 38.872 45.08 2.69964
2004-02-28 01:15:16.649556 35 1 19.1064 39.0082 45.08 2.69964
2004-02-28 01:16:16.343708 37 1 19.1064 38.872 43.24 2.69964
2004-02-28 01:16:46.508622 38 1 19.0966 38.8039 43.24 2.69964
2004-02-28 01:17:46.427446 40 1 19.0966 38.7357 43.24 2.69964
2004-02-28 01:18:16.468248 41 1 19.0868 38.8039 43.24 2.69964
2004-02-28 01:20:16.10774 45 1 19.0672 38.9061 43.24 2.68742
2004-02-28 01:20:46.033312 46 1 19.0672 38.872 43.24 2.69964
2004-02-28 01:21:16.648189 47 1 19.0672 38.9061 43.24 2.69964
2004-02-28 01:22:16.02639 49 1 19.0868 39.0082 43.24 2.69964
2004-02-28 01:23:16.899912 51 1 19.0182 38.7357 43.24 2.68742
2004-02-28 01:23:46.545863 52 1 19.0182 38.7357 43.24 2.69964
2004-02-28 01:24:16.176842 53 1 19.0084 38.8039 43.24 2.69964
2004-02-28 01:26:16.656972 57 1 19.0084 38.9401 43.24 2.68742